1.000000000000000000e+00 -1.247601547301435687e+00
2.000000000000000000e+00 1.166742005966658002e+00
3.000000000000000000e+00 1.326994874785489387e+00
4.000000000000000000e+00 7.826809735158657411e+00
5.000000000000000000e+00 4.611219276116819366e+00
6.000000000000000000e+00 8.817412499325083530e+00
7.000000000000000000e+00 1.334354644697485170e+01
8.000000000000000000e+00 1.829439141634004784e+01
9.000000000000000000e+00 2.265166578190530799e+01
1.000000000000000000e+01 2.280009885301010897e+01
