1.524841904410076943e+00 8.538535274547147669e-01 3.299547908900083426e-01
2.125098994989871315e+00 5.414386913021539405e-01 4.470790055072300095e-01
4.232951035969870546e+00 2.050756873669770108e+00 2.081119894431685824e-01
4.381084421021915531e+00 2.408628982776509719e+00 1.399461788475494239e-01
4.442937472375607655e+00 2.663644277498369295e+00 2.192422323972313125e-01
5.307037106830635231e+00 2.961310208411103151e+00 2.200706849919447927e-01
5.512438903744262930e+00 2.751737311772532557e+00 3.126395367051371110e-01
7.408899874361889459e+00 4.001078742221174878e+00 2.589130673862889420e-01
8.543154158907727336e+00 3.341745676681356247e+00 5.775671143990876999e-01
9.265661780048116469e+00 4.696182132824133326e+00 5.578138165343998756e-01
