3.285837920631606845e-01 3.149734053978930359e-01 1.527973283916801150e-01
2.680110231166295875e+00 1.556294758991287663e+00 5.804631250337974890e-01
2.771929254854676117e+00 1.022483757344329725e+00 5.333753018036017091e-01
3.094765290370329325e+00 1.711900645108342056e+00 1.635578053078331762e-01
6.068576499001048674e+00 2.421763447232204935e+00 4.865496246510500056e-01
6.701168674055023367e+00 2.284924651088468206e+00 2.929432846401128776e-01
6.828015722139192611e+00 3.408258322335574686e+00 1.424066405943975877e-01
9.013969568988985159e+00 4.409115772714726766e+00 1.633963365331262685e-01
9.250170160168817546e+00 3.547683317607182474e+00 5.671421631510072947e-01
9.692074145898345705e+00 4.649192292693408390e+00 5.846783445109452471e-01
